0 0 0 0 255 255 255 255 0 0.000000 0.000000
1 0 0 0 255 255 255 255 0 0.000000 0.000000
2 0 0 0 255 255 255 255 0 0.000000 0.000000
3 0 0 0 255 255 255 255 0 0.000000 0.000000
4 0 0 0 255 255 255 255 0 0.000000 0.000000
5 0 0 0 255 255 255 255 0 0.000000 0.000000
6 0 0 0 255 255 255 255 0 0.000000 0.000000
7 0 0 0 255 255 255 255 0 0.000000 0.000000
8 0 0 0 255 255 255 255 0 0.000000 0.000000
9 0 0 0 255 255 255 255 0 0.000000 0.000000
10 0 0 0 255 255 255 255 0 0.000000 0.000000
11 0 0 0 255 255 255 255 0 0.000000 0.000000
12 0 0 0 255 255 255 255 0 0.000000 0.000000
0 1 0 0 255 255 255 255 0 0.000000 0.000000
0 2 0 0 255 255 255 255 0 0.000000 0.000000
0 3 0 0 255 255 255 255 0 0.000000 0.000000
0 4 0 0 255 255 255 255 0 0.000000 0.000000
0 5 0 0 255 255 255 255 0 0.000000 0.000000
0 6 0 0 255 255 255 255 0 0.000000 0.000000
0 7 0 0 255 255 255 255 0 0.000000 0.000000
1 7 0 0 255 255 255 255 0 0.000000 0.000000
2 7 0 0 255 255 255 255 0 0.000000 0.000000
3 7 0 0 255 255 255 255 0 0.000000 0.000000
4 7 0 0 255 255 255 255 0 0.000000 0.000000
5 7 0 0 255 255 255 255 0 0.000000 0.000000
6 7 0 0 255 255 255 255 0 0.000000 0.000000
7 7 0 0 255 255 255 255 0 0.000000 0.000000
8 7 0 0 255 255 255 255 0 0.000000 0.000000
9 7 0 0 255 255 255 255 0 0.000000 0.000000
10 7 0 0 255 255 255 255 0 0.000000 0.000000
11 7 0 0 255 255 255 255 0 0.000000 0.000000
12 7 0 0 255 255 255 255 0 0.000000 0.000000
12 6 0 0 255 255 255 255 0 0.000000 0.000000
12 5 0 0 255 255 255 255 0 0.000000 0.000000
12 4 0 0 255 255 255 255 0 0.000000 0.000000
12 3 0 0 255 255 255 255 0 0.000000 0.000000
12 2 0 0 255 255 255 255 0 0.000000 0.000000
12 1 0 0 255 255 255 255 0 0.000000 0.000000
2 2 0 0 255 255 255 255 0 0.000000 0.000000
4 4 0 0 255 255 255 255 0 0.000000 0.000000
6 2 0 0 255 255 255 255 0 0.000000 0.000000
8 4 0 0 255 255 255 255 0 0.000000 0.000000
10 2 0 0 255 255 255 255 0 0.000000 0.000000
9 6 0 0 255 255 255 255 0 0.000000 0.000000
2 6 0 0 255 255 255 255 0 0.000000 0.000000
1 1 0 0 255 255 255 255 0 0.000000 0.000000
2 1 0 0 255 255 255 255 0 0.000000 0.000000
3 1 0 0 255 255 255 255 0 0.000000 0.000000
4 1 0 0 255 255 255 255 0 0.000000 0.000000
