0 0 0 0 0 255 255 255 255 0 0.000000 0.000000
2 0 0 0 0 255 255 255 255 0 0.000000 0.000000
4 0 0 0 0 255 255 255 255 0 0.000000 0.000000
5 0 0 0 0 255 255 255 255 0 0.000000 0.000000
14 0 0 0 0 255 255 255 255 0 0.000000 0.000000
15 0 0 0 0 255 255 255 255 0 0.000000 0.000000
17 0 0 0 0 255 255 255 255 0 0.000000 0.000000
19 0 0 0 0 255 255 255 255 0 0.000000 0.000000
19 2 0 0 0 255 255 255 255 0 0.000000 0.000000
19 4 0 0 0 255 255 255 255 0 0.000000 0.000000
19 5 0 0 0 255 255 255 255 0 0.000000 0.000000
19 7 0 0 0 255 255 255 255 0 0.000000 0.000000
19 9 0 0 0 255 255 255 255 0 0.000000 0.000000
19 10 0 0 0 255 255 255 255 0 0.000000 0.000000
19 12 0 0 0 255 255 255 255 0 0.000000 0.000000
19 14 0 0 0 255 255 255 255 0 0.000000 0.000000
19 15 0 0 0 255 255 255 255 0 0.000000 0.000000
19 17 0 0 0 255 255 255 255 0 0.000000 0.000000
19 19 0 0 0 255 255 255 255 0 0.000000 0.000000
18 19 0 0 0 255 255 255 255 0 0.000000 0.000000
17 19 0 0 0 255 255 255 255 0 0.000000 0.000000
16 19 0 0 0 255 255 255 255 0 0.000000 0.000000
15 19 0 0 0 255 255 255 255 0 0.000000 0.000000
14 19 0 0 0 255 255 255 255 0 0.000000 0.000000
13 19 0 0 0 255 255 255 255 0 0.000000 0.000000
12 19 0 0 0 255 255 255 255 0 0.000000 0.000000
11 19 0 0 0 255 255 255 255 0 0.000000 0.000000
10 19 0 0 0 255 255 255 255 0 0.000000 0.000000
9 19 0 0 0 255 255 255 255 0 0.000000 0.000000
8 19 0 0 0 255 255 255 255 0 0.000000 0.000000
7 19 0 0 0 255 255 255 255 0 0.000000 0.000000
6 19 0 0 0 255 255 255 255 0 0.000000 0.000000
5 19 0 0 0 255 255 255 255 0 0.000000 0.000000
4 19 0 0 0 255 255 255 255 0 0.000000 0.000000
3 19 0 0 0 255 255 255 255 0 0.000000 0.000000
2 19 0 0 0 255 255 255 255 0 0.000000 0.000000
1 19 0 0 0 255 255 255 255 0 0.000000 0.000000
0 19 0 0 0 255 255 255 255 0 0.000000 0.000000
0 18 0 0 0 255 255 255 255 0 0.000000 0.000000
0 17 0 0 0 255 255 255 255 0 0.000000 0.000000
0 15 0 0 0 255 255 255 255 0 0.000000 0.000000
0 14 0 0 0 255 255 255 255 0 0.000000 0.000000
0 13 0 0 0 255 255 255 255 0 0.000000 0.000000
0 12 0 0 0 255 255 255 255 0 0.000000 0.000000
0 11 0 0 0 255 255 255 255 0 0.000000 0.000000
0 10 0 0 0 255 255 255 255 0 0.000000 0.000000
0 9 0 0 0 255 255 255 255 0 0.000000 0.000000
0 8 0 0 0 255 255 255 255 0 0.000000 0.000000
0 7 0 0 0 255 255 255 255 0 0.000000 0.000000
0 6 0 0 0 255 255 255 255 0 0.000000 0.000000
0 5 0 0 0 255 255 255 255 0 0.000000 0.000000
0 4 0 0 0 255 255 255 255 0 0.000000 0.000000
0 3 0 0 0 255 255 255 255 0 0.000000 0.000000
0 2 0 0 0 255 255 255 255 0 0.000000 0.000000
0 1 0 0 0 255 255 255 255 0 0.000000 0.000000
0 16 0 0 0 255 255 255 255 0 0.000000 0.000000
1 0 0 0 0 255 255 255 255 0 0.000000 0.000000
3 0 0 0 0 255 255 255 255 0 0.000000 0.000000
6 0 0 0 0 255 255 255 255 0 0.000000 0.000000
7 0 0 0 0 255 255 255 255 0 0.000000 0.000000
8 0 0 0 0 255 255 255 255 0 0.000000 0.000000
9 0 0 0 0 255 255 255 255 0 0.000000 0.000000
10 0 0 0 0 255 255 255 255 0 0.000000 0.000000
11 0 0 0 0 255 255 255 255 0 0.000000 0.000000
12 0 0 0 0 255 255 255 255 0 0.000000 0.000000
13 0 0 0 0 255 255 255 255 0 0.000000 0.000000
16 0 0 0 0 255 255 255 255 0 0.000000 0.000000
18 0 0 0 0 255 255 255 255 0 0.000000 0.000000
19 1 0 0 0 255 255 255 255 0 0.000000 0.000000
19 3 0 0 0 255 255 255 255 0 0.000000 0.000000
19 6 0 0 0 255 255 255 255 0 0.000000 0.000000
19 8 0 0 0 255 255 255 255 0 0.000000 0.000000
19 11 0 0 0 255 255 255 255 0 0.000000 0.000000
19 13 0 0 0 255 255 255 255 0 0.000000 0.000000
19 16 0 0 0 255 255 255 255 0 0.000000 0.000000
19 18 0 0 0 255 255 255 255 0 0.000000 0.000000
4 4 0 0 0 255 255 255 255 0 0.000000 0.000000
5 4 0 0 0 255 255 255 255 0 0.000000 0.000000
7 4 0 0 0 255 255 255 255 0 0.000000 0.000000
8 4 0 0 0 255 255 255 255 0 0.000000 0.000000
9 4 0 0 0 255 255 255 255 0 0.000000 0.000000
10 4 0 0 0 255 255 255 255 0 0.000000 0.000000
11 4 0 0 0 255 255 255 255 0 0.000000 0.000000
12 4 0 0 0 255 255 255 255 0 0.000000 0.000000
14 4 0 0 0 255 255 255 255 0 0.000000 0.000000
15 4 0 0 0 255 255 255 255 0 0.000000 0.000000
13 4 0 0 0 255 255 255 255 0 0.000000 0.000000
6 4 0 0 0 255 255 255 255 0 0.000000 0.000000
2 17 0 0 0 255 255 255 255 0 0.000000 0.000000
2 16 0 0 0 255 255 255 255 0 0.000000 0.000000
2 15 0 0 0 255 255 255 255 0 0.000000 0.000000
2 14 0 0 0 255 255 255 255 0 0.000000 0.000000
2 13 0 0 0 255 255 255 255 0 0.000000 0.000000
2 12 0 0 0 255 255 255 255 0 0.000000 0.000000
4 17 0 0 0 255 255 255 255 0 0.000000 0.000000
4 14 0 0 0 255 255 255 255 0 0.000000 0.000000
4 13 0 0 0 255 255 255 255 0 0.000000 0.000000
5 17 0 0 0 255 255 255 255 0 0.000000 0.000000
6 17 0 0 0 255 255 255 255 0 0.000000 0.000000
4 12 0 0 0 255 255 255 255 0 0.000000 0.000000
3 16 0 0 0 255 255 255 255 0 0.000000 0.000000
4 16 0 0 0 255 255 255 255 0 0.000000 0.000000
6 15 0 0 0 255 255 255 255 0 0.000000 0.000000
6 14 0 0 0 255 255 255 255 0 0.000000 0.000000
5 14 0 0 0 255 255 255 255 0 0.000000 0.000000
15 7 0 0 1 255 255 255 255 2 0.000000 0.000000
14 12 0 0 1 255 255 255 255 2 0.000000 0.000000
3 7 0 0 1 255 255 255 255 2 0.000000 0.000000
17 17 0 0 1 255 255 255 255 1 0.000000 0.000000
8 6 0 0 1 255 255 255 255 2 0.000000 0.000000
8 7 0 0 1 255 255 255 255 2 0.000000 0.000000
9 7 0 0 1 255 255 255 255 2 0.000000 0.000000
9 6 0 0 1 255 255 255 255 2 0.000000 0.000000
5 2 0 0 1 255 255 255 255 2 0.000000 0.000000
8 1 0 0 1 255 255 255 255 2 0.000000 0.000000
11 3 0 0 1 255 255 255 255 2 0.000000 0.000000
14 1 0 0 1 255 255 255 255 2 0.000000 0.000000
15 2 0 0 1 255 255 255 255 1 0.000000 0.000000
